SplitterH.SplitRatio=0.444792
PerspectiveCameraLocY0=11.315187
PerspectiveCameraLocX3=0.000000
PerspectiveCameraRotY1=35.800056
SplitterV.SplitRatio=0.489886
PerspectiveCameraRotX2=0.000000
ShowFlag1=31
CameraSpeedSetting0=1
CameraSpeedScalar0=0.637453
PerspectiveCameraRotY2=0.000000
PerspectiveCameraLocX0=-3.301561
GridSize0=10.000000
PerspectiveCameraLocZ0=6.392449
ShowFlag3=31
CameraSpeedSetting2=1
PerspectiveCameraRotX0=0.000000
PerspectiveCameraLocX2=0.000000
PerspectiveCameraRotY0=5.100282
FOV3=90.000000
PerspectiveCameraRotZ0=-2233.643799
PerspectiveCameraRotZ3=0.000000
FOV0=70.000000
PerspectiveCameraRotX3=0.000000
CameraSpeedSetting1=1
ShowFlag0=30
ViewMode0=3
ViewportType0=0
CameraSpeedScalar1=1.000000
GridSize1=10.000000
PerspectiveCameraRotY3=0.000000
PerspectiveCameraLocX1=13.496016
ScreenHeight=961
PerspectiveCameraLocY1=26.924232
PerspectiveCameraLocZ1=14.184592
CameraSpeedSetting3=1
ShowFlag2=31
PerspectiveCameraRotX1=0.000000
FOV2=90.000000
PerspectiveCameraRotZ1=-85.799889
PerspectiveCameraRotZ2=0.000000
FOV1=90.000000
ViewMode1=5
ViewportType1=1
CameraSpeedScalar2=1.000000
GridSize2=10.000000
PerspectiveCameraLocY2=0.000000
PerspectiveCameraLocZ2=0.000000
ScreenWidth=1384
ViewMode2=5
ViewportType2=3
CameraSpeedScalar3=1.000000
GridSize3=10.000000
PerspectiveCameraLocY3=0.000000
PerspectiveCameraLocZ3=0.000000
ViewMode3=5
ViewportType3=3
OrthoZoomSize=21.000000
ActiveViewportIndex=0
bMultiView=0
OrthoPivotX=-0.649934
OrthoPivotY=4.049997
OrthoPivotZ=4.350000
