SplitterH.SplitRatio=0.444792
PerspectiveCameraLocY0=5.420428
PerspectiveCameraLocX3=0.000000
PerspectiveCameraRotY1=35.500111
SplitterV.SplitRatio=0.489886
PerspectiveCameraRotX2=0.000000
ShowFlag1=31
CameraSpeedSetting0=1
CameraSpeedScalar0=0.100000
PerspectiveCameraRotY2=0.000000
PerspectiveCameraLocX0=-2.336974
GridSize0=10.000000
PerspectiveCameraLocZ0=4.666559
ShowFlag3=31
CameraSpeedSetting2=1
PerspectiveCameraRotX0=0.000000
PerspectiveCameraLocX2=0.000000
PerspectiveCameraRotY0=32.600437
PerspectiveCameraRotZ0=-15532.259766
PerspectiveCameraRotX3=0.000000
CameraSpeedSetting1=1
ShowFlag0=30
ViewMode0=2
ViewportType0=0
CameraSpeedScalar1=0.100000
GridSize1=10.000000
PerspectiveCameraRotY3=0.000000
PerspectiveCameraLocX1=6.362249
ScreenHeight=961
PerspectiveCameraLocY1=6.971910
PerspectiveCameraLocZ1=6.413809
CameraSpeedSetting3=1
ShowFlag2=31
PerspectiveCameraRotX1=0.000000
PerspectiveCameraRotZ1=568.409424
ViewMode1=2
ViewportType1=0
CameraSpeedScalar2=1.000000
GridSize2=10.000000
PerspectiveCameraLocY2=0.000000
PerspectiveCameraLocZ2=0.000000
PerspectiveCameraRotZ2=0.000000
ScreenWidth=1384
ViewMode2=1
ViewportType2=3
CameraSpeedScalar3=1.000000
GridSize3=10.000000
PerspectiveCameraLocY3=0.000000
PerspectiveCameraLocZ3=0.000000
PerspectiveCameraRotZ3=0.000000
ViewMode3=0
ViewportType3=3
OrthoZoomSize=24.000000
ActiveViewportIndex=1
bMultiView=0
OrthoPivotX=13.650100
OrthoPivotY=0.000000
OrthoPivotZ=11.000026
