WindowX=-8
SplitterH.SplitRatio=0.444792
PerspectiveCameraLocY0=-0.047221
PerspectiveCameraLocX3=0.000000
PerspectiveCameraRotY1=35.800056
SplitterV.SplitRatio=0.489886
PerspectiveCameraRotX2=0.000000
CameraSpeedSetting0=1
ShowFlag1=31
CameraSpeedScalar0=1.807873
PerspectiveCameraRotY2=0.000000
PerspectiveCameraLocX0=-17.336260
GridSize0=10.000000
PerspectiveCameraLocZ0=17.900373
CameraSpeedSetting2=1
ShowFlag3=31
PerspectiveCameraRotX0=-0.000000
PerspectiveCameraLocX2=0.000000
PerspectiveCameraRotY0=17.500015
FOV3=90.000000
PerspectiveCameraRotZ0=13.599944
PerspectiveCameraRotZ3=0.000000
FOV0=70.000000
PerspectiveCameraRotX3=0.000000
ShowFlag0=46
CameraSpeedSetting1=1
ViewMode0=2
ViewportType0=0
CameraSpeedScalar1=1.000000
Zoomed=1
GridSize1=10.000000
PerspectiveCameraRotY3=0.000000
PerspectiveCameraLocX1=13.496016
ScreenHeight=1137
PerspectiveCameraLocY1=26.924232
PerspectiveCameraLocZ1=14.184592
ShowFlag2=31
CameraSpeedSetting3=1
PerspectiveCameraRotX1=0.000000
WindowHeight=1176
FOV2=90.000000
PerspectiveCameraRotZ1=-85.799889
PerspectiveCameraRotZ2=0.000000
FOV1=90.000000
ViewMode1=5
ViewportType1=1
CameraSpeedScalar2=1.000000
GridSize2=10.000000
PerspectiveCameraLocY2=0.000000
PerspectiveCameraLocZ2=0.000000
ScreenWidth=1920
ViewMode2=5
ViewportType2=3
CameraSpeedScalar3=1.000000
GridSize3=10.000000
PerspectiveCameraLocY3=0.000000
PerspectiveCameraLocZ3=0.000000
ViewMode3=5
ViewportType3=3
WindowY=-8
WindowWidth=1936
ActiveViewportIndex=0
bMultiView=0
OrthoPivotX=-0.649934
OrthoPivotY=4.049997
OrthoPivotZ=4.350000
OrthoZoomSize=21.000000
