WindowX=-8
SplitterH.SplitRatio=0.444792
PerspectiveCameraLocY0=0.283659
PerspectiveCameraLocX3=0.000000
PerspectiveCameraRotY1=35.800056
SplitterV.SplitRatio=0.489886
PerspectiveCameraRotX2=0.000000
CameraSpeedSetting0=1
ShowFlag1=31
CameraSpeedScalar0=1.154688
PerspectiveCameraRotY2=0.000000
PerspectiveCameraLocX0=-5.174816
GridSize0=10.000000
PerspectiveCameraLocZ0=8.214257
CameraSpeedSetting2=1
ShowFlag3=31
PerspectiveCameraRotX0=0.000000
PerspectiveCameraLocX2=0.000000
PerspectiveCameraRotY0=50.000523
FOV3=90.000000
PerspectiveCameraRotZ0=-367.956787
PerspectiveCameraRotZ3=0.000000
FOV0=90.000000
PerspectiveCameraRotX3=0.000000
ShowFlag0=30
CameraSpeedSetting1=1
ViewMode0=2
ViewportType0=0
CameraSpeedScalar1=1.000000
Zoomed=1
GridSize1=10.000000
PerspectiveCameraRotY3=0.000000
PerspectiveCameraLocX1=13.496016
ScreenHeight=1137
PerspectiveCameraLocY1=26.924232
PerspectiveCameraLocZ1=14.184592
ShowFlag2=31
CameraSpeedSetting3=1
PerspectiveCameraRotX1=0.000000
WindowHeight=1176
FOV2=90.000000
PerspectiveCameraRotZ1=-85.799889
PerspectiveCameraRotZ2=0.000000
FOV1=90.000000
ViewMode1=2
ViewportType1=0
CameraSpeedScalar2=1.000000
GridSize2=10.000000
PerspectiveCameraLocY2=0.000000
PerspectiveCameraLocZ2=0.000000
ScreenWidth=1920
ViewMode2=1
ViewportType2=3
CameraSpeedScalar3=1.000000
GridSize3=10.000000
PerspectiveCameraLocY3=0.000000
PerspectiveCameraLocZ3=0.000000
ViewMode3=0
ViewportType3=3
WindowY=-8
WindowWidth=1936
ActiveViewportIndex=0
bMultiView=0
OrthoPivotX=13.650100
OrthoPivotY=0.000000
OrthoPivotZ=11.000026
OrthoZoomSize=24.000000
